110
112
113
114
115
117
118
120
123
131
137
138
139
142
151
158
160
162
163
165
170
171
175
176
177
179
181
183
185
191
206
211
212
213
214
215
216
217
218
223
224
226
231
232
233
234
235
240
241
245
246
251
253
269
271
276
277
282
284
286
287
288
289
294
296
314
318
320
321
324
327
333
334
338
340
344
345
346
347
348
362
363
364
370
373
381
382
383
388
393
409
410
411
420
421
422
424
425
426
427
428
432
434
442
448
449
450
456
467
468
469
470
473
474
488
489
490
491
492
493
494
495
496
497
506
512
513
514
515
516
517
520
521
522
525
526
554
555
558
559
560
561
562
566
567
578
579
583
609
610
611
612
622
623
630
631
632
633
634
638
639
640
657
659
660
661
662
664
665
669
673
678
681
682
685
686
687
688
696
697
698
699
711
713
714
715
719
720
722
736
737
738
751
752
753
754
756
757
762
763
766
772
775
776
777
778
779
780
781
782
783
786
788
789
793
794
795
797
803
806
808
809
810
813
815
827
832
834
835
837
838
856
857
864
865
866
867
872
873
881
882
885
893
894
895
896
897
900
913
914
919
920
921
922
923
925
926
932
935
936
938
947
950
953
954
955
962
963
966
967
969
973
974
975
976
977
978
979
980
983
984
987
991
992
994
999
1004
1013
1014
1019
1020
1021
1022
1031
1034
1035
1036
1050
1051
1052
1055
1056
1057
1061
1063
1065
1072
1077
1079
1081
1082
1083
1090
1091
1092
1094
1100
1101
1106
1112
1113
1114
1120
1122
1123
1131
1133
1134
1137
1138
1141
1144
1145
1151
1156
1157
1162
1164
1165
1168
1169
1170
1171
1173
1174
1176
1177
1178
1179
1180
1183
1184
1185
1187
1189
1191
1193
1194
1195
1196
1197
1198
1201
1202
1208
1209
1212
1213
1214
1215
1224
1228
1229
1234
1245
1246
1247
1248
1249
1256
1257
1258
1259
1260
1261
1262
1263
1267
1268
1269
1270
1273
1276
1277
1279
1280
1282
1287
1288
1290
1291
1292
1293
1294
1295
1296
1298
1300
1303
1307
1309
1310
1311
1312
1313
1314
1321
1322
1323
1324
1325
1326
1327
1328
1329
1330
1331
1332
1333
1334
1335
1337
1344
1347
1348
1349
1350
1351
1352
1353
1354
1355
1356
1357
1364
1365
1370
1371
1372
1373
1374
1375
1377
1378
1381
1382
1383
1387
1388
1389
1390
1391
1392
1394
1402
1403
1406
1411
1412
1416
1418
1419
1420
1423
1424
1428
1429
1430
1431
1432
1433
1434
1435
1436
1440
1442
1443
1450
1451
1452
1455
1456
1458
1459
1460
1461
1462
1463
1464
1468
1472
1473
1474
1475
1476
1479
1494
1495
1496
1497
1498
1499
1505
1506
1509
1510
1514
1515
1516
1528
1529
1532
1533
1542
1543
1544
1546
1547
1550
1554
1555
1556
1559
1567
1568
1577
1578
1579
1580
1581
1582
1596
1604
1605
1615
1616
1621
1622
1625
1626
1642
1646
1648
1650
1657
1658
1659
1665
1673
1683
1686
1688
1694
1695
1698
1699
1700
1701
1703
1712
1713
1714
1715
1716
1719
1720
1721
1723
1726
1733
1743
1763
1764
1773
1783
1784
1785
1786
1787
1788
1791
1793
1796
1802
1806
1809
1810
1811
1821
1825
1828
1832
1835
1837
1844
1849
1850
1855
1856
1857
1859
1864
1873
1879
1880
1882
1883
1884
1885
1886
1890
1891
1895
1896
1897
1898
1899
1901
1909
1911
1912
1913
1914
1936
1937
1940
1942
1946
1950
1951
1952
1956
1957
1959
1960
1961
1971
1972
1973
1974
1975
1989
1991
1995
1996
1997
2004
2005
2007
2008
2011
2022
2024
2026
2029
2031
2033
2034
2040
2041
2046
2047
2048
2060
2061
2062
2063
2066
2067
2068
2069
2070
2071
2072
2074
2084
2087
2090
2091
2095
2096
2099
2107
2108
2112
2124
2127
2128
2134
2135
2142
2144
2147
2148
2149
2163
2164
2165
2166
2169
2170
2177
2178
2179
2181
2182
2183
2186
2194
2195
2197
2198
2201
2206
2207
2212
2213
2215
2216
2217
2218
2219
2220
2221
2222
2223
2224
2225
2226
2227
2228
2229
2230
2231
2232
2236
2237
2239
2240
2241
2242
2243
2249
2250
2256
2261
2262
2263
2264
2265
2271
2272
2273
2274
2276
2277
2278
2286
2289
2297
2298
2299
2302
2312
2313
2317
2318
2321
2323
2324
2325
2333
2334
2335
2336
2339
2343
2344
2345
2346
2348
2349
2350
2351
2355
2356
2358
2360
2361
2362
2363
2380
2392
2393
2397
2398
2399
2404
2405
2406
2407
2408
2413
2415
2421
2422
2436
2441
2442
2447
2448
2451
2452
2453
2454
2455
2456
2457
2458
2459
2463
2465
2466
2469
2480
2481
2482
2485
2486
2487
2488
2489
2492
2493
2494
2503
2506
2507
2519
2520
2523
2541
2542
2543
2548
2549
2550
2561
2562
2567
2571
2572
2578
2579
2580
2584
2585
2593
2596
2597
2604
2608
2615
2617
2620
2621
2631
2635
2636
2638
2639
2640
2653
2661
2664
2665
2666
2667
2668
2670
2673
2677
2678
2680
2682
2683
2685
2695
2696
2697
2698
2699
2700
2701
2702
2710
2711
2713
2717
2720
2721
2724
2726
2727
2740
2742
2743
2745
2746
2747
2748
2754
2758
2767
2768
2769
2779
2783
2784
2785
2787
2799
2832
2833
2853
2854
2859
2860
2861
2862
2866
2867
2870
2875
2876
2877
2878
2881
2883
2885
2890
2891
2892
2893
2894
2899
2900
2901
2902
2916
2932
2936
2937
2939
2948
2950
2951
2952
2953
2954
2967
2976
2977
2978
2979
2982
2983
2984
2990
2995
2999
3006
3007
3010
3011
3012
3013
3014
3015
3016
3017
3018
3019
3020
3021
3022
3023
3025
3026
3027
3028
3029
3030
3031
3032
3033
3040
3042
3043
3044
3045
3051
3052
3053
3054
3055
3056
3057
3058
3059
3067
3071
3079
3080
3081
3082
3083
3084
3085
3086
3087
3088
3089
3090
3092
3093
3095
3096
3101
3102
3103
3104
3115
3116
3117
3118
3119
3120
3121
3122
3123
3124
3125
3126
3127
3128
3129
3130
3131
3132
3133
3134
3135
3137
3138
3139
3140
3141
3142
3143
3144
3145
3146
3147
3148
3155
3157
3166
3167
3168
3169
3170
3171
3172
3173
3174
3175
3176
3177
3178
3179
3180
3181
3187
3188
3189
3190
3192
3205
3206
3207
3208
3209
3216
3226
3227
3228
3229
3230
3231
3232
3233
3234
3235
3236
3237
3238
3239
3240
3241
3242
3243
3244
3245
3246
3247
3248
3249
3250
3251
3252
3253
3254
3255
3256
3257
3258
3259
3260
3261
3262
3263
3264
3265
3266
3267
3268
3269
3270
3271
3272
3273
3274
3275
3278
3279
3280
3281
3282
3283
3284
3290
3291
3292
3293
3294
3295
3296
3297
3298
3299
3300
3301
3302
3303
3304
3305
3306
3307
3308
3309
3314
3315
3316
3319
3320
3321
3326
3327
3328
3329
3330
3331
3332
3333
3337
3339
3340
3341
3343
3344
3345
3346
3353
3357
3375
3376
3377
3378
3379
3380
3381
3382
3383
3396
3397
3398
3399
3400
3403
3404
3406
3407
3408
3414
3415
3416
3417
3418
3423
3425
3426
3427
3428
3429
3431
3433
3434
3435
3437
3438
3439
3440
3442
3443
3444
3445
3446
3447
3448
3449
3450
3451
3452
3453
3454
3456
3460
3461
3471
3472
3474
3475
3483
3497
3498
3499
3502
3503
3516
3517
3522
3523
3525
3530
3534
3535
3536
3564
3566
3584
3586
3587
3588
3592
3595
3596
3606
3608
3623
3624
3631
3633
3634
3637
3638
3640
3641
3642
3643
3644
3652
3662
3663
3664
3665
3666
3668
3669
3670
3671
3676
3678
3679
3680
3681
3682
3684
3691
3692
3694
3695
3697
3700
3701
3702
3703
3704
3708
3709
3710
3711
3713
3715
3725
3732
3734
3737
3739
3740
3741
3742
3743
3744
3745
3746
3747
3749
3750
3751
3753
3754
3755
3758
3759
3760
3762
3766
3767
3768
3769
3770
3771
3773
3774
3777
3778
3781
3782
3783
3786
3787
3788
3794
3795
3798
3799
3801
3804
3809
3824
3845
3847
3868
3890
3892
3895
3896
3930
3931
3932
3935
3943
3962
3964
3966
3974
3981
3983
3984
3990
3991
4004
4033
4054
4090
4145
4146
4168
4175
4229
4230
4233
4276
4294
4296
4297
4298
4316
4318
4332
4335
4336
4337
4343
4344
4345
4346
4347
4348
4349
4350
4351
4352
4353
4354
4355
4356
4357
4358
4359
4360
4361
4362
4363
4364
4365
4366
4367
4368
4370
4372
4373
4374
4377
4379
4380
4381
4382
4383
4384
4385
4386
4387
4388
4389
4390
4391
4393
4395
4397
4400
4401
4402
4403
4404
4405
4406
4407
4408
4415
4416
4417
4418
4419
4420
4421
4422
4423
4424
4425
4426
4427
4428
4429
4430
4431
4432
4433
4434
4435
4436
4437
4438
4439
4445
4446
4447
4451
4452
4453
4454
4456
4458
4459
4461
4462
4463
4464
4466
4467
4468
4469
4471
4472
4474
4475
4476
4478
4480
4481
4482
4483
4484
4485
4486
4489
4490
4491
4492
4493
4495
4496
4499
4500
4503
4504
4505
4506
4507
4508
4509
4510
4511
4512
4513
4514
4515
4516
4517
4518
4519
4520
4521
4522
4523
4524
4525
4526
4527
4528
4529
4530
4531
4532
4533
4534
4535
4536
4537
4538
4539
4540
4541
4542
4543
4544
4545
4546
4547
4551
4552
4554
4556
4557
4558
4559
4560
4561
4562
4565
4566
4567
4568
4569
4570
4571
4572
4573
4574
4575
4576
4578
4579
4581
4583
4584
4585
4586
4587
4588
4589
4590
4591
4603
4605
4606
4607
4614
4615
4618
4619
4620
4624
4625
4626
4627
4629
4630
4640
4641
4674
4675
4687
4688
4691
4692
4693
4740
4742
4743
4744
4746
4747
4748
4749
4750
4751
4752
4754
4759
4760
4777
4810
4811
4812
4813
4814
4815
4816
4817
4818
4826
4827
4837
4843
4844
4845
4846
4847
4849
4850
4851
4852
4853
4868
4889
4891
4901
4925
4963
4965
4966
4967
4984
4990
4991
4993
4999
5019
5027
5031
5032
5033
5034
5035
5037
5039
5048
5049
5050
5052
5053
5065
5066
5068
5073
5074
5075
5078
5084
5086
5088
5094
5095
5096
5097
5099
5100
5103
5104
5105
5107
5108
5110
5111
5118
5194
5395
5459
5492
5526
5527
5601
5602
5604
5611
5643
5652
5661
5679
5730
5766
5783
5788
5790
5792
5796
5798
5803
5804
5808
5809
5812
5814
5815
5822
5827
5828
5830
5831
5832
5833
5834
5836
5838
5846
5850
5851
5863
5870
5876
5878
5880
5882
5884
5890
5892
5912
5913
5914
5917
5919
5921
5927
5933
5938
5939
5941
5943
5945
5947
5949
5951
5953
5954
5958
5960
5962
5964
5979
5981
5984
5990
5991
5993
5997
5999
6003
6007
6010
6011
6022
6024
6028
6035
6037
6039
6041
6047
6052
6054
6058
6059
6060
6064
6065
6066
6068
6070
6071
6072
6074
6076
6077
6079
6081
6084
6086
6090
6092
6096
6099
6102
6106
6108
6109
6110
6112
6114
6116
6118
6120
6122
6126
6142
6149
6153
6166
6168
6169
6172
6176
6216
6217
6221
6225
6228
6241
6242
6251
6254
6258
6293
6303
6305
6309
6312
6315
6318
6323
6324
6334
6335
6337
6339
6341
6346
6350
6363
6364
6376
6381
6383
6385
6393
6410
6412
6415
6421
6426
6429
6431
6438
6440
6442
6450
6451
6452
6458
6465
6467
6473
6476
6483
6485
6489
6491
6497
6500
6503
6512
6514
6533
6534
6538
6542
6547
6549
6550
6552
6557
6559
6560
6561
6562
6564
6565
6566
6567
6569
6570
6573
6575
6576
6578
6579
6583
6585
6587
6588
6590
6592
6593
6598
6611
6615
6616
6618
6620
6621
6623
6625
6634
6645
6650
6656
6670
6671
6682
6688
6694
6696
6700
6702
6718
6733
6743
6744
6745
6747
6748
6752
6753
6754
6755
6756
6757
6764
6767
6768
6780
6788
6790
6791
6792
6800
6809
6810
6811
6814
6815
6816
6817
6818
6819
6823
6824
6825
6826
6827
6832
6841
6846
6856
6877
6885
6886
6887
6895
6896
6897
6898
6899
6915
6916
6925
6926
6930
6933
6939
6949
6951
6953
6955
6958
6962
6965
6974
6975
6976
6977
6978
6979
6980
6981
6983
6985
6987
6988
6989
6997
7003
7008
7012
7015
7016
7018
7026
7028
7031
7032
7033
7035
7043
7059
7061
7062
7066
7068
7070
7071
7096
7108
7143
7145
7149
7153
7155
7156
7157
7166
7179
7180
7184
7198
7214
7215
7217
7221
7223
7225
7227
7232
7239
7240
7241
7243
7245
7246
7248
7254
7255
7256
7257
7258
7259
7260
7264
7266
7267
7268
7269
7270
7271
7272
7273
7274
7275
7276
7303
7304
7306
7307
7309
7315
7317
7325
7327
7332
7339
7343
7345
7347
7351
7354
7356
7359
7361
7362
7369
7373
7378
7379
7385
7387
7388
7389
7391
7392
7393
7394
7395
7397
7398
7399
7403
7404
7405
7406
7407
7412
7414
7418
7420
7426
7435
7437
7438
7444
7446
7447
7449
7451
7456
7465
7466
7475
7485
7486
7494
7516
7522
7523
7524
7526
7532
7534
7535
7536
7537
7539
7541
7542
7544
7548
7551
7555
7559
7561
7562
7573
7575
7578
7580
7583
7585
7587
7588
7590
7592
7595
7620
7623
7624
7625
7629
7630
7631
7649
7660
7664
7665
7671
7673
7675
7678
7679
7685
7686
7687
7688
7690
7691
7692
7694
7695
7700
7706
7707
7708
7709
7711
7714
7716
7734
7745
7746
7747
7748
7749
7750
7751
7752
7753
7755
7759
7760
7761
7762
7763
7764
7768
7770
7771
7778
7779
7781
7785
7786
7797
7802
7803
7804
7806
7807
7816
7821
7823
7827
7828
7829
7830
7834
7837
7839
7840
7845
7846
7849
7869
7870
7871
7878
7879
7880
7881
7882
7883
7884
7885
7895
7896
7899
7902
7904
7906
7913
7918
7919
7920
7931
7950
7953
7955
7959
7965
7966
7971
7973
7985
7986
7987
7988
7994
7995
7996
7997
8001
8002
8003
8004
8005
8006
8007
8008
8009
8011
8015
8016
8017
8018
8019
8020
8022
8030
8032
8036
8037
8038
8043
8045
8049
8050
8051
8052
8053
8054
8055
8056
8057
8058
8059
8061
8075
8079
8081
8082
8083
8087
8088
8089
8090
8092
8095
8103
8108
8110
8111
8119
8120
8122
8123
8133
8137
8146
8153
8154
8156
8163
8172
8178
8179
8180
8181
8188
8189
8190
8191
8192
8193
8195
8199
8200
8202
8206
8211
8213
8215
8221
8223
8225
8226
8228
8230
8232
8240
8241
8244
8245
8253
8259
8269
8270
8271
8272
8274
8286
8299
8300
8303
8308
8309
8310
8313
8314
8315
8316
8318
8320
8321
8323
8324
8325
8327
8329
8330
8331
8333
8334
8336
8337
8338
8340
8341
8342
8343
8344
8345
8347
8349
8351
8356
8358
8361
8363
8364
8368
8370
8372
8374
8376
8378
8380
8386
8388
8394
8396
8398
8401
8403
8404
8406
8409
8411
8412
8415
8416
8425
8427
8428
8430
8433
8434
8436
8447
8457
8459
8463
8465
8469
8471
8474
8475
8477
8480
8481
8483
8484
8485
8486
8487
8488
8490
8493
8495
8498
8499
8500
8506
8507
8508
8511
8512
8518
8521
8527
8529
8535
8537
8538
8539
8540
8544
8552
8554
8555
8556
8559
8560
8562
8566
8567
8570
8571
8572
8573
8574
8575
8577
8583
8584
8585
8589
8590
8591
8592
8594
8599
8605
8608
8618
8620
8623
8625
8626
8627
8628
8629
8630
8631
8637
8640
8642
8644
8649
8650
8654
8655
8659
8661
8662
8663
8664
8665
8666
8667
8668
8669
8670
8671
8672
8673
8674
8675
8681
8682
8683
8684
8685
8686
8687
8689
8690
8692
8693
8694
8696
8697
8699
8701
8703
8704
8705
8708
8709
8712
8713
8717
8719
8720
8730
8732
8733
8736
8737
8738
8739
8740
8741
8742
8743
8744
8747
8748
8749
8750
8751
8752
8753
8754
8755
8756
8759
8760
8761
8762
8763
8764
8766
8767
8768
8769
8770
8771
8772
8773
8774
8775
8776
8777
8778
8780
8781
8783
8785
8786
8792
8793
8794
8796
8797
8800
8803
8805
8807
8809
8811
8814
8816
8818
8819
8820
8821
8826
8828
8834
8835
8836
8839
8840
8842
8843
8847
8849
8851
8857
8859
8863
8866
8870
8874
8876
8877
8879
8880
8887
8890
8893
8901
8903
8904
8906
8907
8911
8913
8915
8917
8919
8924
8926
8933
8936
8942
8943
8944
8946
8958
8965
8967
8968
8969
8970
8972
8974
8975
8977
8984
8988
8996
9001
9008
9009
9012
9018
9023
9027
9041
9049
9050
9051
9052
9053
9054
9065
9067
9072
9081
9082
9097
9101
9102
9103
9104
9105
9106
9107
9112
9113
9114
9115
9116
9118
9132
9134
9135
9141
9142
9143
9157
9158
9162
9165
9166
9167
9168
9169
9173
9175
9176
9177
9183
9186
9189
9192
9194
9200
9203
9205
9206
9208
9210
9211
9217
9219
9221
9226
9232
9235
9245
9248
9249
9250
9251
9252
9253
9254
9255
9257
9260
9261
9262
9265
9268
9269
9270
9271
9273
9275
9277
9278
9281
9285
9290
9291
9293
9296
9297
9300
9301
9306
9307
9309
9310
9312
9313
9315
9316
9317
9319
9321
9325
9327
9328
9330
9333
9334
9336
9338
9339
9344
9349
9351
9352
9353
9354
9355
9357
9359
9360
9361
9362
9363
9364
9365
9366
9367
9369
9380
9382
9389
9390
9392
9400
9408
9420
9421
9422
9424
9430
9435
9437
9439
9443
9448
9451
9457
9460
9473
9476
9487
9489
9492
9496
9497
9510
9511
9512
9519
9520
9522
9531
9543
9544
9545
9547
9548
9549
9550
9553
9554
9555
9559
9561
9562
9564
9568
9570
9580
9591
9599
9601
9610
9613
9617
9618
9624
9631
9640
9643
9649
9653
9656
9658
9662
9665
9666
9668
9671
9672
9674
9680
9681
9682
9683
9684
9685
9686
9687
9688
9690
9694
9699
9700
9702
9708
9710
9714
9716
9727
9729
9734
9736
9740
9741
9743
9744
9745
9752
9755
9759
9762
9764
9766
9771
9773
9775
9783
9785
9786
9797
9799
9800
9812
9813
9817
9818
9819
9825
9827
9828
9829
9830
9831
9840
9843
9850
9851
9853
9855
9861
9867
9868
9872
9873
9875
9876
9877
9882
9883
9885
9886
9888
9889
9890
9891
9892
9893
9894
9895
9896
9899
9903
9904
9908
9909
9912
9916
9920
9922
9924
9925
9927
9931
9936
9939
9941
9944
9946
9956
9957
9960
9962
9965
9967
9968
9969
9970
9972
9974
9979
9980
9983
9984
9987
9991
9993
9995
9997
9999
10004
10008
10009
10015
10017
10018
10020
10025
10028
10029
10032
10033
10036
10037
10040
10044
10045
10048
10049
10064
10070
10087
10104
10111
10113
10114
10117
10121
10124
10134
10141
10151
10162
10163
10164
10165
10178
10181
10183
10188
10189
10190
10194
10198
10211
10218
10219
10221
10223
10226
10229
10230
10233
10234
10238
10242
10253
10254
10255
10256
10257
10264
10268
10273
10274
10279
10296
10300
10303
10304
10306
10308
10311
10318
10322
10324
10326
10332
10334
10341
10342
10344
10345
10359
10361
10368
10372
10374
10376
10379
10381
10383
10389
10390
10394
10395
10396
10397
10398
10399
10400
10401
10402
10403
10404
10405
10406
10408
10410
10411
10414
10418
10425
10427
10440
10441
10443
10444
10445
10448
10450
10458
10460
10463
10465
10467
10468
10472
10474
10476
10481
10489
10490
10494
10497
10504
10508
10511
10513
10521
10523
10525
10527
10529
10532
10539
10541
10545
10546
10547
10548
10549
10550
10551
10553
10554
10555
10556
10557
10558
10576
10577
10579
10580
10581
10587
10591
10592
10594
10604
10608
10609
10610
10611
10612
10613
10614
10629
10632
10642
10653
10654
10655
10657
10659
10663
10672
10679
10681
10686
10688
10704
10707
10714
10723
10725
10726
10727
10735
10737
10739
10743
10745
10747
10750
10762
10773
10777
10779
10781
10796
10804
10805
10821
10822
10826
10830
10834
10843
10844
10845
10851
10856
10857
10860
10862
10864
10870
10884
10886
10891
10900
10903
10911
10914
10916
10917
10921
10922
